Tokyo (Imperial Palace):
LonLat: 139.7527758040573, 35.68535529255434
LatLon: 35.68535529255434, 139.7527758040573

London (Trafalgar Square):
LonLat: -0.1280757371601969, 51.508110075964964
LatLon: 51.508110075964964, -0.1280757371601969

New York (Times Square):
LonLat: -73.98554260298089, 40.7581534610924
LatLon: 40.7581534610924, -73.98554260298089